kinect_link:
0.0168015 0.535712 -0.844234 0.999658 0.00791702 0.0249185 0.0200329 -0.844364 -0.535396 
0.815016 0.0855595 0.703569 
realSense_link:
0.999961 0.00824511 -0.00328147 0.00738624 -0.978267 -0.207217 -0.00491868 0.207185 -0.97829 
-0.000438587 0.450644 0.600335 
0.993535 -0.110588 -0.0256698 -0.113507 -0.971908 -0.206182 -0.00214754 0.207763 -0.978177 
0.05193 0.435336 0.600121 
0.958549 -0.27887 -0.0584466 -0.284927 -0.937486 -0.199842 0.000937223 0.208212 -0.978083 
0.128174 0.413236 0.599975 
0.895463 -0.435633 -0.0914815 -0.445133 -0.875682 -0.187183 0.00143458 0.208337 -0.978056 
0.204669 0.391434 0.5999 
0.807564 -0.576798 -0.123064 -0.58978 -0.789969 -0.167655 -0.000513406 0.207973 -0.978135 
0.281429 0.369795 0.600044 
0.691898 -0.706219 -0.150109 -0.721995 -0.67678 -0.143845 -4.39314e-06 0.207904 -0.978149 
0.351138 0.340433 0.601406 
0.555564 -0.813297 -0.172906 -0.831474 -0.543423 -0.11551 -1.71714e-05 0.20794 -0.978142 
0.362354 0.262422 0.612536 
0.402331 -0.895483 -0.190368 -0.915494 -0.393545 -0.0836226 -3.58161e-05 0.207925 -0.978145 
0.37354 0.184467 0.623689 
0.234007 -0.951025 -0.201973 -0.972232 -0.228379 -0.051068 0.00244035 0.208315 -0.978059 
0.384424 0.106553 0.63464 
0.061146 -0.976273 -0.207731 -0.998126 -0.0592852 -0.0151778 0.00250227 0.20827 -0.978068 
0.395646 0.0286204 0.645808 
-0.112017 -0.97199 -0.206611 -0.993706 0.109569 0.0232931 -2.57231e-06 0.20792 -0.978146 
0.392846 -0.0500577 0.649994 
-0.284986 -0.93758 -0.199316 -0.958532 0.278753 0.0592748 -1.48934e-05 0.207943 -0.978141 
0.381659 -0.12884 0.649985 
-0.287744 -0.936564 -0.200128 -0.957704 0.281933 0.057589 0.00248709 0.208235 -0.978076 
0.381407 -0.128609 0.649835 
-0.285016 -0.937583 -0.199259 -0.958523 0.278793 0.0592308 1.82995e-05 0.207876 -0.978155 
0.381667 -0.128856 0.650006 
-0.284959 -0.937592 -0.199296 -0.95854 0.278732 0.0592426 4.98182e-06 0.207915 -0.978147 
0.381679 -0.128865 0.649978 
-0.965227 0.210487 -0.155026 0.194995 0.974694 0.109308 0.174111 0.075278 -0.981845 
0.209509 -0.40888 0.665889 
-0.980427 0.12665 -0.150738 0.109973 0.987342 0.114285 0.163304 0.0954714 -0.981946 
0.216437 -0.408312 0.664685 
-0.814383 -0.573829 -0.086607 -0.57856 0.791168 0.198295 -0.0452671 0.211596 -0.976308 
0.124427 -0.401225 0.685994 
-0.951985 -0.299953 -0.061263 -0.306135 0.931098 0.19834 -0.00245064 0.207571 -0.978217 
0.030814 -0.441595 0.695803 
-0.696656 0.714142 -0.0683517 0.698145 0.696797 0.164521 0.165119 0.0668951 -0.984002 
-0.0857923 -0.410549 0.710179 
-0.755327 0.652346 -0.062654 0.636946 0.753252 0.164047 0.15421 0.0840017 -0.984461 
-0.0776499 -0.412336 0.709285 
-0.819616 0.572574 0.0196886 0.570391 0.812306 0.12171 0.0536947 0.110986 -0.99237 
0.000482366 -0.236791 0.723471 
-0.598978 0.800303 0.027216 0.799398 0.595625 0.0786981 0.0467718 0.0688948 -0.996527 
0.000121415 -0.157848 0.732454 
-0.312063 0.949856 0.0197473 0.949562 0.311158 0.0388988 0.0308037 0.0308901 -0.999048 
0.000355909 -0.0788264 0.741045 
-0.00241205 0.999997 0.00015803 0.999997 0.00241211 -0.000373942 -0.000374322 0.000157128 -1 
-2.28181e-05 0.000337637 0.749951 
-0.00409604 0.999992 -0.000328212 0.998352 0.00407054 -0.0572359 -0.0572341 -0.000562111 -0.998361 
-0.000321269 0.0795852 0.741376 
-0.000792784 1 0.000123585 0.993888 0.000801582 -0.110392 -0.110392 3.53132e-05 -0.993888 
-0.000131404 0.158494 0.732396 
0.0025167 0.999997 0.000446435 0.986573 -0.00241002 -0.1633 -0.163299 0.000851419 -0.986576 
8.76205e-05 0.237397 0.723394 
-0.00403601 0.999992 -0.000173541 0.975248 0.00389777 -0.221082 -0.221079 -0.00106153 -0.975255 
-0.000522218 0.316864 0.715001 
0.00252106 0.999997 0.000577469 0.962576 -0.00227023 -0.271002 -0.271 0.00123907 -0.962579 
-3.2812e-05 0.395538 0.70586 
-0.00165759 -0.999999 -0.00039347 -0.999997 0.00165831 -0.00182465 0.0018253 0.000390445 -0.999998 
0.219407 0.20051 0.749767 
-0.00163469 -0.999999 -0.000478469 -0.999997 0.00163555 -0.00179408 0.00179486 0.000475535 -0.999998 
0.219441 0.200531 0.749713 
0.0026396 -0.999997 0.000105315 -0.999996 -0.00263951 0.000802402 -0.000802121 -0.000107433 -1 
0.139112 0.200142 0.750082 
0.000100811 -1 -0.000230978 -1 -0.000100689 -0.000527399 0.000527375 0.000231031 -1 
0.0860733 0.200179 0.749888 
0.00397527 -0.999992 0.000337496 -0.999991 -0.00397466 0.00177794 -0.00177659 -0.000344561 -0.999998 
0.0364583 0.19315 0.750215 
0.755538 -0.653825 -0.0409313 -0.654211 -0.756296 0.00499713 -0.0342234 0.0230022 -0.999149 
-0.0159061 0.209742 0.749299 
0.0040956 -0.999992 0.000284782 -0.99999 -0.00409505 0.00188249 -0.0018813 -0.000292489 -0.999998 
0.078955 0.0972705 0.750198 
0.000773526 -1 -4.21391e-06 -1 -0.000773526 -9.95642e-06 9.95316e-06 4.22161e-06 -1 
0.101358 0.049758 0.750008 
0.000786041 -1 1.11204e-05 -1 -0.000786041 -1.66644e-06 1.67518e-06 -1.11191e-05 -1 
0.124054 0.00210029 0.750006 
-0.0025018 -0.999997 -0.000356644 -0.999995 0.00250244 -0.00179822 0.00179911 0.000352143 -0.999998 
0.123803 0.00223623 0.749785 
0.000767364 -1 -2.96822e-05 -1 -0.000767365 2.742e-05 -2.74427e-05 2.96612e-05 -1 
0.169435 -0.0932595 0.749986 
-0.00246958 -0.999997 -0.000386335 -0.999995 0.0024703 -0.00186768 0.00186863 0.000381721 -0.999998 
0.191845 -0.14074 0.749773 
0.00408702 -0.999992 0.000342278 -0.99999 -0.00408636 0.00188598 -0.00188457 -0.000349982 -0.999998 
0.214536 -0.18891 0.750211 
0.00409423 -0.999992 0.000365501 -0.99999 -0.00409356 0.00181648 -0.00181497 -0.000372934 -0.999998 
0.168594 -0.200011 0.750225 
0.00407178 -0.999992 0.000354997 -0.99999 -0.00407113 0.00181861 -0.00181715 -0.000362399 -0.999998 
0.1158 -0.200079 0.75022 
0.00404979 -0.999992 0.000363861 -0.99999 -0.0040491 0.00187083 -0.00186934 -0.000371434 -0.999998 
0.0630164 -0.200124 0.750215 
-0.00249024 -0.999997 -0.000346683 -0.999995 0.00249086 -0.00179745 0.00179831 0.000342205 -0.999998 
0.0394805 -0.172391 0.7532 
0.000795569 -1 4.25965e-05 -1 -0.000795574 -0.000105193 0.000105227 -4.25128e-05 -1 
0.0570123 -0.123001 0.759639 
0.000786148 -1 3.13298e-05 -1 -0.000786148 9.8983e-06 -9.87367e-06 -3.13376e-05 -1 
0.0743029 -0.0735197 0.76581 
-0.00247673 -0.999997 -0.000348195 -0.999995 0.00247735 -0.00181668 0.00181753 0.000343694 -0.999998 
0.0913274 -0.0238786 0.771767 
-0.00248637 -0.999997 -0.000308431 -0.999995 0.00248694 -0.00185839 0.00185915 0.000303809 -0.999998 
0.108596 0.0256324 0.777964 
-0.00252549 -0.999997 -0.00032506 -0.999995 0.00252609 -0.00186461 0.00186543 0.000320349 -0.999998 
0.125886 0.0751174 0.784146 
0.000819178 -1 8.23277e-06 -1 -0.000819178 -1.65551e-05 1.65618e-05 -8.2192e-06 -1 
0.14343 0.124474 0.790545 
0.000794892 -1 4.10665e-05 -1 -0.000794892 -4.73325e-06 4.76589e-06 -4.10627e-05 -1 
0.169887 0.144683 0.800011 
0.0008093 -1 5.67995e-06 -1 -0.000809299 3.21787e-05 -3.21741e-05 -5.70599e-06 -1 
0.169919 0.0919018 0.800002 
-0.00251483 -0.999997 -0.000390797 -0.999995 0.00251554 -0.00183085 0.00183182 0.000386191 -0.999998 
0.169722 0.039241 0.799764 
0.000824539 -1 1.66473e-05 -1 -0.000824539 1.04178e-05 -1.04041e-05 -1.66559e-05 -1 
0.170025 -0.0136925 0.799997 
0.00406764 -0.999992 0.000340986 -0.99999 -0.00406701 0.00182544 -0.00182404 -0.000348408 -0.999998 
0.170323 -0.0666545 0.800218 
-0.00251242 -0.999997 -0.000339573 -0.999995 0.00251303 -0.00181788 0.00181873 0.000335004 -0.999998 
0.169833 -0.119131 0.79978 
0.00407659 -0.999992 0.000356478 -0.99999 -0.00407593 0.00182239 -0.00182093 -0.000363903 -0.999998 
0.170399 -0.17222 0.80023 
0.000832593 -1 2.02645e-05 -1 -0.000832593 -4.74339e-06 4.76027e-06 -2.02605e-05 -1 
0.170154 -0.199849 0.800008 
